10  0
100  0
1000  0
10000  0
100000  0
1000000  0.063
10000000  0.578
10  0
100  0
1000  0
10000  0
100000  0
1000000  0.063
10000000  0.64
10  0
100  0
1000  0
10000  0
100000  0.016
1000000  0.047
10000000  0.688
10  0
100  0
1000  0
10000  0
100000  0.015
1000000  0.079
10000000  0.609
10  0
100  0
1000  0
10000  0
100000  0
1000000  0.063
10000000  0.672
10  0
100  0
1000  0
10000  0
100000  0.016
1000000  0.078
10000000  0.609
10  0
100  0
1000  0
10000  0
100000  0
1000000  0.048
10000000  0.64
10  0
100  0
1000  0
10000  0
100000  0.016
1000000  0.079
10000000  0.672
10  0
100  0
1000  0
10000  0
100000  0
1000000  0.078
10000000  0.735
10  0
100  0
1000  0
10000  0
100000  0.016
1000000  0.062
10000000  0.718
10  0
100  0
1000  0
10000  0
100000  0
1000000  0.063
10000000  0.718
10  0
100  0
1000  0
10000  0
100000  0
1000000  0.062
10000000  0.749
10  0
100  0
1000  0
10000  0
100000  0.015
1000000  0.078
10000000  0.641
10  0
100  0
1000  0
10000  0
100000  0
1000000  0.078
10000000  0.703
10  0
100  0
1000  0
10000  0
100000  0
1000000  0.079
10000000  0.688
10  0
100  0
1000  0
10000  0
100000  0
1000000  0.047
10000000  0.641
10  0
100  0
1000  0
10000  0
100000  0.015
1000000  0.078
10000000  0.657
10  0
100  0
1000  0
10000  0
100000  0.015
1000000  0.078
10000000  0.625
10  0
100  0
1000  0
10000  0
100000  0.016
1000000  0.062
10000000  0.609
10  0
100  0
1000  0
10000  0
100000  0
1000000  0.079
10000000  0.64
10  0
100  0
1000  0
10000  0
100000  0
1000000  0.078
10000000  0.688
10  0
100  0
1000  0
10000  0
100000  0
1000000  0.062
10000000  0.657
10  0
100  0
1000  0
10000  0
100000  0.015
1000000  0.063
10000000  0.719
10  0
100  0
1000  0
10000  0
100000  0
1000000  0.062
10000000  0.749
10  0
100  0
1000  0
10000  0
100000  0
1000000  0.062
10000000  0.657
10  0
100  0
1000  0
10000  0
100000  0.016
1000000  0.062
10000000  0.718
10  0
100  0
1000  0
10000  0
100000  0.016
1000000  0.078
10000000  0.718
10  0
100  0
1000  0
10000  0
100000  0.016
1000000  0.079
10000000  0.625
10  0
100  0
1000  0
10000  0
100000  0
1000000  0.078
10000000  0.749
10  0
100  0
1000  0
10000  0
100000  0
1000000  0.062
10000000  0.64
10  0
100  0
1000  0
10000  0
100000  0.015
1000000  0.047
10000000  0.624
10  0
100  0
1000  0
10000  0
100000  0.016
1000000  0.063
10000000  0.671
10  0
100  0
1000  0
10000  0
100000  0.016
1000000  0.077
10000000  0.703
10  0
100  0
1000  0
10000  0
100000  0.016
1000000  0.063
10000000  0.656
10  0
100  0
1000  0
10000  0
100000  0.016
1000000  0.063
10000000  0.625
10  0
100  0
1000  0
10000  0
100000  0
1000000  0.079
10000000  0.719
10  0
100  0
1000  0
10000  0
100000  0.015
1000000  0.062
10000000  0.64
10  0
100  0
1000  0
10000  0
100000  0
1000000  0.079
10000000  0.767
10  0
100  0
1000  0
10000  0
100000  0.016
1000000  0.063
10000000  0.657
10  0
100  0
1000  0
10000  0
100000  0.015
1000000  0.079
10000000  0.671
10  0
100  0
1000  0
10000  0
100000  0.016
1000000  0.063
10000000  0.656
10  0
100  0
1000  0
10000  0
100000  0
1000000  0.062
10000000  0.609
10  0
100  0
1000  0
10000  0
100000  0
1000000  0.078
10000000  0.875
10  0
100  0
1000  0
10000  0
100000  0
1000000  0.063
10000000  0.64
10  0
100  0
1000  0
10000  0
100000  0.015
1000000  0.063
10000000  0.687
10  0
100  0
1000  0
10000  0
100000  0.016
1000000  0.078
10000000  0.688
10  0
100  0
1000  0
10000  0
100000  0
1000000  0.078
10000000  0.719
10  0
100  0
1000  0
10000  0
100000  0
1000000  0.062
10000000  0.625
10  0
100  0
1000  0
10000  0
100000  0
1000000  0.078
10000000  0.625
10  0
100  0
1000  0
10000  0
100000  0.016
1000000  0.062
10000000  0.672
10  0
100  0
1000  0
10000  0
100000  0.016
1000000  0.063
10000000  0.828
10  0
100  0
1000  0
10000  0
100000  0
1000000  0.078
10000000  0.751
10  0
100  0
1000  0
10000  0
100000  0
1000000  0.078
10000000  0.656
10  0
100  0
1000  0
10000  0
100000  0
1000000  0.062
10000000  0.64
10  0
100  0
1000  0
10000  0
100000  0
1000000  0.062
10000000  0.766
10  0
100  0
1000  0
10000  0
100000  0
1000000  0.077
10000000  0.625
10  0
100  0
1000  0
10000  0
100000  0.016
1000000  0.063
10000000  0.64
10  0
100  0
1000  0
10000  0
100000  0
1000000  0.078
10000000  0.672
10  0
100  0
1000  0
10000  0
100000  0
1000000  0.063
10000000  0.625
10  0
100  0
1000  0
10000  0
100000  0.015
1000000  0.078
10000000  0.626
10  0
100  0
1000  0
10000  0
100000  0.015
1000000  0.046
10000000  0.641
10  0
100  0
1000  0
10000  0
100000  0
1000000  0.062
10000000  0.672
10  0
100  0
1000  0
10000  0
100000  0
1000000  0.078
10000000  0.625
10  0
100  0
1000  0
10000  0
100000  0
1000000  0.062
10000000  0.64
10  0
100  0
1000  0
10000  0
100000  0
1000000  0.078
10000000  0.765
10  0
100  0
1000  0
10000  0
100000  0
1000000  0.062
10000000  0.687
10  0
100  0
1000  0
10000  0
100000  0.016
1000000  0.063
10000000  0.657
10  0
100  0
1000  0
10000  0
100000  0
1000000  0.078
10000000  0.609
10  0
100  0
1000  0
10000  0
100000  0.016
1000000  0.063
10000000  0.766
10  0
100  0
1000  0
10000  0
100000  0
1000000  0.079
10000000  0.672
10  0
100  0
1000  0
10000  0
100000  0
1000000  0.077
10000000  0.703
10  0
100  0
1000  0
10000  0
100000  0
1000000  0.078
10000000  0.641
10  0
100  0
1000  0
10000  0
100000  0.015
1000000  0.077
10000000  0.641
10  0
100  0
1000  0
10000  0
100000  0
1000000  0.077
10000000  0.719
10  0
100  0
1000  0
10000  0
100000  0
1000000  0.079
10000000  0.641
10  0
100  0
1000  0
10000  0
100000  0.016
1000000  0.063
10000000  0.656
10  0
100  0
1000  0
10000  0
100000  0
1000000  0.078
10000000  0.656
10  0
100  0
1000  0
10000  0
100000  0.016
1000000  0.062
10000000  0.687
10  0
100  0
1000  0
10000  0
100000  0.016
1000000  0.062
10000000  0.657
10  0
100  0
1000  0
10000  0
100000  0
1000000  0.079
10000000  0.671
10  0
100  0
1000  0
10000  0
100000  0
1000000  0.063
10000000  0.656
10  0
100  0
1000  0
10000  0
100000  0
1000000  0.062
10000000  0.734
10  0
100  0
1000  0
10000  0.016
100000  0.016
1000000  0.062
10000000  0.702
10  0
100  0
1000  0
10000  0
100000  0.016
1000000  0.047
10000000  0.641
10  0
100  0
1000  0
10000  0
100000  0.016
1000000  0.063
10000000  0.656
10  0
100  0
1000  0
10000  0
100000  0.015
1000000  0.062
10000000  0.61
10  0
100  0
1000  0
10000  0
100000  0
1000000  0.079
10000000  0.641
10  0
100  0
1000  0
10000  0
100000  0
1000000  0.062
10000000  0.687
10  0
100  0
1000  0
10000  0
100000  0.015
1000000  0.078
10000000  0.656
10  0
100  0
1000  0
10000  0
100000  0
1000000  0.062
10000000  0.688
10  0
100  0
1000  0
10000  0
100000  0.016
1000000  0.078
10000000  0.673
10  0
100  0
1000  0
10000  0
100000  0
1000000  0.078
10000000  0.625
10  0
100  0
1000  0
10000  0
100000  0.015
1000000  0.079
10000000  0.641
10  0
100  0
1000  0
10000  0
100000  0.015
1000000  0.077
10000000  0.703
10  0
100  0
1000  0
10000  0
100000  0
1000000  0.079
10000000  0.64
10  0
100  0
1000  0
10000  0
100000  0.016
1000000  0.078
10000000  0.672
10  0
100  0
1000  0
10000  0
100000  0
1000000  0.079
10000000  0.719
10  0
100  0
1000  0
10000  0
100000  0
1000000  0.078
10000000  0.61
10  0
100  0
1000  0
10000  0
100000  0.016
1000000  0.063
10000000  0.64
10  0
100  0
1000  0
10000  0.016
100000  0.015
1000000  0.062
10000000  0.656
10  0
100  0
1000  0
10000  0
100000  0
1000000  0.032
10000000  0.266
